0.900900900900901    100
0.9099099099099099    101
0.918918918918919    102
0.9279279279279279    103
0.936936936936937    104
0.9459459459459459    105
0.9549549549549551    106
0.963963963963964    107
0.972972972972973    108
0.9819819819819819    109
0.9909909909909911    110
1.0                   111
1.0090090090090091    112
1.018018018018018    113
1.0270270270270272    114
1.0360360360360361    115
1.0450450450450453    116
1.0540540540540542    117
1.063063063063063    118
1.072072072072072    119
1.0810810810810811    120
1.09009009009009    121
1.0990990990990992    122
1.1081081081081081    123
1.1171171171171173    124
1.1261261261261262    125
1.1351351351351353    126
1.1441441441441442    127
1.1531531531531534    128
1.1621621621621623    129
1.1711711711711712    130
1.1801801801801801    131
1.1891891891891893    132
1.1981981981981982    133
1.2072072072072073    134
1.2162162162162162    135
1.2252252252252254    136
1.2342342342342343    137
1.2432432432432434    138
1.2522522522522523    139
1.2612612612612615    140
1.2702702702702704    141
1.2792792792792793    142
1.2882882882882882    143
1.2972972972972974    144
1.3063063063063063    145
1.3153153153153154    146
1.3243243243243243    147
1.3333333333333335    148
1.3423423423423424    149
1.3513513513513515    150
1.3603603603603605    151
1.3693693693693696    152
1.3783783783783785    153
1.3873873873873874    154
1.3963963963963963    155
1.4054054054054055    156
1.4144144144144144    157
1.4234234234234235    158
1.4324324324324325    159
1.4414414414414416    160
1.4504504504504505    161
1.4594594594594597    162
1.4684684684684686    163
1.4774774774774777    164
1.4864864864864866    165
1.4954954954954955    166
1.5045045045045045    167
1.5135135135135136    168
1.5225225225225225    169
1.5315315315315317    170
1.5405405405405406    171
1.5495495495495497    172
1.5585585585585586    173
1.5675675675675678    174
1.5765765765765767    175
1.5855855855855858    176
1.5945945945945947    177
1.6036036036036037    178
1.6126126126126126    179
1.6216216216216217    180
1.6306306306306306    181
1.6396396396396398    182
1.6486486486486487    183
1.6576576576576578    184
1.6666666666666667    185
1.6756756756756757    186
1.6846846846846846    187
1.693693693693694    188
1.7027027027027029    189
1.7117117117117118    190
1.7207207207207207    191
1.7297297297297298    192
1.7387387387387387    193
1.7477477477477477    194
1.7567567567567566    195
1.765765765765766    196
1.7747747747747749    197
1.7837837837837838    198
1.7927927927927927    199
1.801801801801802    200
1.810810810810811    201
1.8198198198198199    202
1.8288288288288288    203
1.837837837837838    204
1.8468468468468469    205
1.8558558558558558    206
1.8648648648648647    207
1.873873873873874    208
1.882882882882883    209
1.8918918918918919    210
1.9009009009009008    211
1.9099099099099102    212
1.918918918918919    213
1.927927927927928    214
1.936936936936937    215
1.945945945945946    216
1.954954954954955    217
1.9639639639639639    218
1.9729729729729728    219
1.9819819819819822    220
1.990990990990991    221
2.0                  222
2.009009009009009    223
2.0180180180180183    224
2.027027027027027    225
2.036036036036036    226
2.045045045045045    227
2.0540540540540544    228
2.0630630630630633    229
2.0720720720720722    230
2.081081081081081    231
2.0900900900900905    232
2.0990990990990994    233
2.1081081081081083    234
2.1171171171171173    235
2.126126126126126    236
2.135135135135135    237
2.144144144144144    238
2.153153153153153    239
2.1621621621621623    240
2.171171171171171    241
2.18018018018018    242
2.189189189189189    243
2.1981981981981984    244
2.2072072072072073    245
2.2162162162162162    246
2.225225225225225    247
2.2342342342342345    248
2.2432432432432434    249
2.2522522522522523    250
2.2612612612612613    251
2.2702702702702706    252
2.2792792792792795    253
2.2882882882882885    254
2.2972972972972974    255
2.3063063063063067    256
2.3153153153153156    257
2.3243243243243246    258
2.3333333333333335    259
2.3423423423423424    260
2.3513513513513513    261
2.3603603603603602    262
2.369369369369369    263
2.3783783783783785    264
2.3873873873873874    265
2.3963963963963963    266
2.4054054054054053    267
2.4144144144144146    268
2.4234234234234235    269
2.4324324324324325    270
2.4414414414414414    271
2.4504504504504507    272
2.4594594594594597    273
2.4684684684684686    274
2.4774774774774775    275
2.486486486486487    276
2.4954954954954958    277
2.5045045045045047    278
2.5135135135135136    279
2.522522522522523    280
2.531531531531532    281
2.540540540540541    282
2.5495495495495497    283
2.5585585585585586    284
2.5675675675675675    285
2.5765765765765765    286
2.5855855855855854    287
2.5945945945945947    288
2.6036036036036037    289
2.6126126126126126    290
2.6216216216216215    291
2.630630630630631    292
2.6396396396396398    293
2.6486486486486487    294
2.6576576576576576    295
2.666666666666667    296
2.675675675675676    297
2.684684684684685    298
2.6936936936936937    299
2.702702702702703    300
2.711711711711712    301
2.720720720720721    302
2.72972972972973    303
2.738738738738739    304
2.747747747747748    305
2.756756756756757    306
2.765765765765766    307
2.774774774774775    308
2.7837837837837838    309
2.7927927927927927    310
2.8018018018018016    311
2.810810810810811    312
2.81981981981982    313
2.828828828828829    314
2.8378378378378377    315
2.846846846846847    316
2.855855855855856    317
2.864864864864865    318
2.873873873873874    319
2.882882882882883    320
2.891891891891892    321
2.900900900900901    322
2.90990990990991    323
2.9189189189189193    324
2.927927927927928    325
2.936936936936937    326
2.945945945945946    327
2.9549549549549554    328
2.9639639639639643    329
2.9729729729729732    330
2.981981981981982    331
2.990990990990991    332
3.0                  333
3.009009009009009    334
3.018018018018018    335
3.027027027027027    336
3.036036036036036    337
3.045045045045045    338
3.054054054054054    339
3.0630630630630633    340
3.0720720720720722    341
3.081081081081081    342
3.09009009009009    343
3.0990990990990994    344
3.1081081081081083    345
3.1171171171171173    346
3.126126126126126    347
3.1351351351351355    348
3.1441441441441444    349
3.1531531531531534    350
3.1621621621621623    351
3.1711711711711716    352
3.1801801801801806    353
3.1891891891891895    354
3.1981981981981984    355
3.2072072072072073    356
3.2162162162162162    357
3.225225225225225    358
3.234234234234234    359
3.2432432432432434    360
3.2522522522522523    361
3.2612612612612613    362
3.27027027027027    363
3.2792792792792795    364
3.2882882882882885    365
3.2972972972972974    366
3.3063063063063063    367
3.3153153153153156    368
3.3243243243243246    369
3.3333333333333335    370
3.3423423423423424    371
3.3513513513513513    372
3.3603603603603602    373
3.369369369369369    374
3.378378378378379    375
3.387387387387388    376
3.396396396396397    377
3.4054054054054057    378
3.4144144144144146    379
3.4234234234234235    380
3.4324324324324325    381
3.4414414414414414    382
3.4504504504504507    383
3.4594594594594597    384
3.4684684684684686    385
3.4774774774774775    386
3.4864864864864864    387
3.4954954954954953    388
3.5045045045045042    389
3.513513513513513    390
3.522522522522523    391
3.531531531531532    392
3.540540540540541    393
3.5495495495495497    394
3.5585585585585586    395
3.5675675675675675    396
3.5765765765765765    397
3.5855855855855854    398
3.594594594594595    399
3.603603603603604    400
3.612612612612613    401
3.621621621621622    402
3.630630630630631    403
3.6396396396396398    404
3.6486486486486487    405
3.6576576576576576    406
3.666666666666667    407
3.675675675675676    408
3.684684684684685    409
3.6936936936936937    410
3.7027027027027026    411
3.7117117117117115    412
3.7207207207207205    413
3.7297297297297294    414
3.738738738738739    415
3.747747747747748    416
3.756756756756757    417
3.765765765765766    418
3.774774774774775    419
3.7837837837837838    420
3.7927927927927927    421
3.8018018018018016    422
3.8108108108108114    423
3.8198198198198203    424
3.8288288288288292    425
3.837837837837838    426
3.846846846846847    427
3.855855855855856    428
3.864864864864865    429
3.873873873873874    430
3.882882882882883    431
3.891891891891892    432
3.900900900900901    433
3.90990990990991    434
3.918918918918919    435
3.9279279279279278    436
3.9369369369369367    437
3.9459459459459456    438
3.9549549549549554    439
3.9639639639639643    440
3.9729729729729732    441
3.981981981981982    442
3.990990990990991    443
4.0                  444
4.009009009009009    445
4.018018018018018    446
4.027027027027027    447
4.036036036036037    448
4.045045045045045    449
4.054054054054054    450
4.063063063063063    451
4.072072072072072    452
4.081081081081081    453
4.09009009009009    454
4.099099099099099    455
4.108108108108109    456
4.117117117117117    457
4.126126126126127    458
4.135135135135135    459
4.1441441441441444    460
4.153153153153153    461
4.162162162162162    462
4.171171171171172    463
4.180180180180181    464
4.1891891891891895    465
4.198198198198199    466
4.207207207207207    467
4.216216216216217    468
4.225225225225225    469
4.2342342342342345    470
4.243243243243244    471
4.252252252252252    472
4.261261261261262    473
4.27027027027027    474
4.2792792792792795    475
4.288288288288288    476
4.297297297297297    477
4.306306306306306    478
4.315315315315316    479
4.324324324324325    480
4.333333333333334    481
4.342342342342342    482
4.351351351351352    483
4.36036036036036    484
4.36936936936937    485
4.378378378378378    486
4.387387387387388    487
4.396396396396397    488
4.405405405405406    489
4.414414414414415    490
4.423423423423424    491
4.4324324324324325    492
4.441441441441442    493
4.45045045045045    494
4.45945945945946    495
4.468468468468469    496
4.4774774774774775    497
4.486486486486487    498
4.495495495495495    499
4.504504504504505    500
4.513513513513513    501
4.5225225225225225    502
4.531531531531532    503
4.540540540540541    504
4.54954954954955    505
4.558558558558559    506
4.5675675675675675    507
4.576576576576577    508
4.585585585585585    509
4.594594594594595    510
4.603603603603604    511
4.6126126126126135    512
4.621621621621622    513
4.630630630630631    514
4.63963963963964    515
4.648648648648649    516
4.657657657657658    517
4.666666666666667    518
4.675675675675676    519
4.684684684684685    520
4.693693693693694    521
4.702702702702703    522
4.711711711711712    523
4.7207207207207205    524
4.72972972972973    525
4.738738738738738    526
4.7477477477477485    527
4.756756756756757    528
4.765765765765766    529
4.774774774774775    530
4.783783783783784    531
4.792792792792793    532
4.801801801801802    533
4.8108108108108105    534
4.819819819819821    535
4.828828828828829    536
4.837837837837839    537
4.846846846846847    538
4.855855855855856    539
4.864864864864865    540
4.873873873873874    541
4.882882882882883    542
4.891891891891892    543
4.9009009009009015    544
4.90990990990991    545
4.918918918918919    546
4.927927927927928    547
4.936936936936937    548
4.945945945945946    549
4.954954954954955    550
4.963963963963964    551
4.972972972972974    552
4.981981981981982    553
4.9909909909909915    554
5.0                  555
5.009009009009009    556
5.018018018018018    557
5.027027027027027    558
5.036036036036036    559
5.045045045045046    560
5.054054054054054    561
5.063063063063064    562
5.072072072072072    563
5.081081081081082    564
5.09009009009009    565
5.099099099099099    566
5.108108108108108    567
5.117117117117117    568
5.126126126126127    569
5.135135135135135    570
5.1441441441441444    571
5.153153153153153    572
5.162162162162162    573
5.171171171171171    574
5.18018018018018    575
5.1891891891891895    576
5.198198198198199    577
5.207207207207207    578
5.216216216216217    579
5.225225225225225    580
5.2342342342342345    581
5.243243243243243    582
5.252252252252252    583
5.261261261261262    584
5.270270270270271    585
5.2792792792792795    586
5.288288288288289    587
5.297297297297297    588
5.306306306306307    589
5.315315315315315    590
5.324324324324325    591
5.333333333333334    592
5.342342342342342    593
5.351351351351352    594
5.36036036036036    595
5.36936936936937    596
5.378378378378378    597
5.387387387387387    598
5.396396396396396    599
5.405405405405406    600
5.414414414414415    601
5.423423423423424    602
5.4324324324324325    603
5.441441441441442    604
5.45045045045045    605
5.45945945945946    606
5.468468468468468    607
5.477477477477478    608
5.486486486486487    609
5.495495495495496    610
5.504504504504505    611
5.513513513513514    612
5.5225225225225225    613
5.531531531531532    614
5.54054054054054    615
5.54954954954955    616
5.558558558558559    617
5.5675675675675675    618
5.576576576576577    619
5.585585585585585    620
5.594594594594595    621
5.603603603603603    622
5.612612612612613    623
5.621621621621622    624
5.630630630630631    625
5.63963963963964    626
5.648648648648649    627
5.657657657657658    628
5.666666666666667    629
5.675675675675675    630
5.684684684684685    631
5.693693693693694    632
5.7027027027027035    633
5.711711711711712    634
5.720720720720721    635
5.72972972972973    636
5.738738738738739    637
5.747747747747748    638
5.756756756756757    639
5.765765765765766    640
5.774774774774775    641
5.783783783783784    642
5.792792792792793    643
5.801801801801802    644
5.8108108108108105    645
5.81981981981982    646
5.828828828828828    647
5.837837837837839    648
5.846846846846847    649
5.855855855855856    650
5.864864864864865    651
5.873873873873874    652
5.882882882882883    653
5.891891891891892    654
5.900900900900901    655
5.909909909909911    656
5.918918918918919    657
5.927927927927929    658
5.936936936936937    659
5.9459459459459465    660
5.954954954954955    661
5.963963963963964    662
5.972972972972973    663
5.981981981981982    664
5.9909909909909915    665
6.0                  666
6.009009009009009    667
6.018018018018018    668
6.027027027027027    669
6.036036036036036    670
6.045045045045045    671
6.054054054054054    672
6.063063063063064    673
6.072072072072072    674
6.081081081081082    675
6.09009009009009    676
6.099099099099099    677
6.108108108108108    678
6.117117117117117    679
6.126126126126127    680
6.135135135135136    681
6.1441441441441444    682
6.153153153153154    683
6.162162162162162    684
6.171171171171172    685
6.18018018018018    686
6.1891891891891895    687
6.198198198198199    688
6.207207207207207    689
6.216216216216217    690
6.225225225225225    691
6.2342342342342345    692
6.243243243243243    693
6.252252252252252    694
6.261261261261261    695
6.270270270270271    696
6.2792792792792795    697
6.288288288288289    698
6.297297297297297    699
6.306306306306307    700
6.315315315315315    701
6.324324324324325    702
6.333333333333333    703
6.342342342342343    704
6.351351351351352    705
6.360360360360361    706
6.36936936936937    707
6.378378378378379    708
6.387387387387387    709
6.396396396396397    710
6.405405405405405    711
6.414414414414415    712
6.423423423423424    713
6.4324324324324325    714
6.441441441441442    715
6.45045045045045    716
6.45945945945946    717
6.468468468468468    718
6.4774774774774775    719
6.486486486486487    720
6.495495495495496    721
6.504504504504505    722
6.513513513513514    723
6.5225225225225225    724
6.531531531531532    725
6.54054054054054    726
6.54954954954955    727
6.558558558558559    728
6.567567567567568    729
6.576576576576577    730
6.585585585585586    731
6.594594594594595    732
6.603603603603604    733
6.612612612612613    734
6.621621621621622    735
6.630630630630631    736
6.63963963963964    737
6.648648648648649    738
6.657657657657658    739
6.666666666666667    740
6.675675675675676    741
6.684684684684685    742
6.693693693693694    743
6.702702702702703    744
6.711711711711712    745
6.7207207207207205    746
6.72972972972973    747
6.738738738738738    748
6.747747747747748    749
6.756756756756758    750
6.7657657657657655    751
6.774774774774776    752
6.783783783783783    753
6.792792792792794    754
6.801801801801801    755
6.810810810810811    756
6.819819819819821    757
6.828828828828829    758
6.837837837837839    759
6.846846846846847    760
6.855855855855856    761
6.864864864864865    762
6.873873873873874    763
6.882882882882883    764
6.891891891891892    765
6.9009009009009015    766
6.90990990990991    767
6.918918918918919    768
6.927927927927928    769
6.936936936936937    770
6.945945945945946    771
6.954954954954955    772
6.963963963963965    773
6.972972972972973    774
6.981981981981983    775
6.990990990990991    776
7.000000000000001    777
7.0090090090090085    778
7.018018018018019    779
7.027027027027026    780
7.036036036036037    781
7.045045045045046    782
7.054054054054054    783
7.063063063063064    784
7.072072072072072    785
7.081081081081082    786
7.09009009009009    787
7.099099099099099    788
7.108108108108109    789
7.117117117117117    790
7.126126126126127    791
7.135135135135135    792
7.1441441441441444    793
7.153153153153153    794
7.162162162162162    795
7.171171171171171    796
7.18018018018018    797
7.18918918918919    798
7.198198198198198    799
7.207207207207208    800
7.216216216216216    801
7.225225225225226    802
7.234234234234234    803
7.243243243243244    804
7.252252252252253    805
7.261261261261262    806
7.270270270270271    807
7.2792792792792795    808
7.288288288288289    809
7.297297297297297    810
7.306306306306307    811
7.315315315315315    812
7.324324324324325    813
7.333333333333334    814
7.342342342342342    815
7.351351351351352    816
7.36036036036036    817
7.36936936936937    818
7.378378378378378    819
7.387387387387387    820
7.396396396396398    821
7.405405405405405    822
7.4144144144144155    823
7.423423423423423    824
7.432432432432433    825
7.441441441441441    826
7.450450450450451    827
7.459459459459459    828
7.468468468468469    829
7.477477477477478    830
7.486486486486487    831
7.495495495495496    832
7.504504504504505    833
7.513513513513514    834
7.5225225225225225    835
7.531531531531532    836
7.540540540540541    837
7.54954954954955    838
7.558558558558559    839
7.5675675675675675    840
7.576576576576577    841
7.585585585585585    842
7.594594594594595    843
7.603603603603603    844
7.612612612612613    845
7.621621621621623    846
7.63063063063063    847
7.639639639639641    848
7.648648648648648    849
7.6576576576576585    850
7.666666666666666    851
7.675675675675676    852
7.684684684684686    853
7.693693693693694    854
7.7027027027027035    855
7.711711711711712    856
7.720720720720721    857
7.72972972972973    858
7.738738738738739    859
7.747747747747748    860
7.756756756756757    861
7.765765765765766    862
7.774774774774775    863
7.783783783783784    864
7.792792792792793    865
7.801801801801802    866
7.8108108108108105    867
7.81981981981982    868
7.82882882882883    869
7.837837837837838    870
7.846846846846848    871
7.8558558558558556    872
7.864864864864866    873
7.873873873873873    874
7.882882882882884    875
7.891891891891891    876
7.9009009009009015    877
7.909909909909911    878
7.918918918918919    879
7.927927927927929    880
7.936936936936937    881
7.9459459459459465    882
7.954954954954955    883
7.963963963963964    884
7.972972972972974    885
7.981981981981982    886
7.9909909909909915    887
8.0                 888
8.00900900900901    889
8.018018018018019    890
8.027027027027028    891
8.036036036036036    892
8.045045045045045    893
8.054054054054054    894
8.063063063063064    895
8.072072072072073    896
8.08108108108108    897
8.09009009009009    898
8.0990990990991    899
8.108108108108109    900
8.117117117117118    901
8.126126126126126    902
8.135135135135137    903
8.144144144144144    904
8.153153153153154    905
8.162162162162161    906
8.171171171171173    907
8.18018018018018    908
8.18918918918919    909
8.198198198198199    910
8.207207207207208    911
8.216216216216218    912
8.225225225225225    913
8.234234234234235    914
8.243243243243244    915
8.252252252252253    916
8.261261261261263    917
8.27027027027027    918
8.27927927927928    919
8.288288288288289    920
8.297297297297298    921
8.306306306306306    922
8.315315315315315    923
8.324324324324325    924
8.333333333333334    925
8.342342342342343    926
8.35135135135135    927
8.360360360360362    928
8.36936936936937    929
8.378378378378379    930
8.387387387387387    931
8.396396396396398    932
8.405405405405405    933
8.414414414414415    934
8.423423423423424    935
8.432432432432433    936
8.441441441441443    937
8.45045045045045    938
8.45945945945946    939
8.468468468468469    940
8.477477477477478    941
8.486486486486488    942
8.495495495495495    943
8.504504504504505    944
8.513513513513514    945
8.522522522522523    946
8.531531531531531    947
8.54054054054054    948
8.54954954954955    949
8.558558558558559    950
8.567567567567568    951
8.576576576576576    952
8.585585585585587    953
8.594594594594595    954
8.603603603603604    955
8.612612612612612    956
8.621621621621623    957
8.630630630630632    958
8.63963963963964    959
8.64864864864865    960
8.657657657657658    961
8.666666666666668    962
8.675675675675675    963
8.684684684684685    964
8.693693693693694    965
8.702702702702704    966
8.711711711711713    967
8.72072072072072    968
8.72972972972973    969
8.73873873873874    970
8.747747747747749    971
8.756756756756756    972
8.765765765765765    973
8.774774774774777    974
8.783783783783784    975
8.792792792792794    976
8.801801801801801    977
8.810810810810812    978
8.81981981981982    979
8.82882882882883    980
8.837837837837837    981
8.846846846846848    982
8.855855855855857    983
8.864864864864865    984
8.873873873873874    985
8.882882882882884    986
8.891891891891893    987
8.9009009009009    988
8.90990990990991    989
8.91891891891892    990
8.927927927927929    991
8.936936936936938    992
8.945945945945946    993
8.954954954954955    994
8.963963963963964    995
8.972972972972974    996
8.981981981981981    997
8.99099099099099    998
9.000000000000002    999
9.00900900900901    1000
9.018018018018019    1001
9.027027027027026    1002
9.036036036036037    1003
9.045045045045045    1004
9.054054054054054    1005
9.063063063063064    1006
9.072072072072073    1007
9.081081081081082    1008
9.09009009009009    1009
9.0990990990991    1010
9.108108108108109    1011
9.117117117117118    1012
9.126126126126126    1013
9.135135135135135    1014
9.144144144144144    1015
9.153153153153154    1016
9.162162162162163    1017
9.17117117117117    1018
9.18018018018018    1019
9.18918918918919    1020
9.198198198198199    1021
9.207207207207208    1022
9.216216216216216    1023
9.225225225225227    1024
9.234234234234235    1025
9.243243243243244    1026
9.252252252252251    1027
9.261261261261263    1028
9.27027027027027    1029
9.27927927927928    1030
9.288288288288289    1031
9.297297297297298    1032
9.306306306306308    1033
9.315315315315315    1034
9.324324324324325    1035
9.333333333333334    1036
9.342342342342343    1037
9.351351351351353    1038
9.36036036036036    1039
9.36936936936937    1040
9.378378378378379    1041
9.387387387387388    1042
9.396396396396396    1043
9.405405405405405    1044
9.414414414414415    1045
9.423423423423424    1046
9.432432432432433    1047
9.441441441441441    1048
9.450450450450452    1049
9.45945945945946    1050
9.468468468468469    1051
9.477477477477477    1052
9.486486486486488    1053
9.495495495495497    1054
9.504504504504505    1055
9.513513513513514    1056
9.522522522522523    1057
9.531531531531533    1058
9.54054054054054    1059
9.54954954954955    1060
9.558558558558559    1061
9.567567567567568    1062
9.576576576576578    1063
9.585585585585585    1064
9.594594594594595    1065
9.603603603603604    1066
9.612612612612613    1067
9.621621621621621    1068
9.63063063063063    1069
9.639639639639642    1070
9.64864864864865    1071
9.657657657657658    1072
9.666666666666666    1073
9.675675675675677    1074
9.684684684684685    1075
9.693693693693694    1076
9.702702702702702    1077
9.711711711711713    1078
9.720720720720722    1079
9.72972972972973    1080
9.73873873873874    1081
9.747747747747749    1082
9.756756756756758    1083
9.765765765765765    1084
9.774774774774775    1085
9.783783783783784    1086
9.792792792792794    1087
9.801801801801803    1088
9.81081081081081    1089
9.81981981981982    1090
9.82882882882883    1091
9.837837837837839    1092
9.846846846846846    1093
9.855855855855856    1094
9.864864864864867    1095
9.873873873873874    1096
9.882882882882884    1097
9.891891891891891    1098
9.900900900900902    1099
                            
